BLUE: [0.11764705882352941, 0.39215686274509803, 0.7843137254901961, 1.0]
GREEN: [0.44313725490196076, 0.6588235294117647, 0.3764705882352941, 1.0]
RED: [0.8627450980392157, 0.3058823529411765, 0.1568627450980392, 1.0]

triad_scale: 0.1

# MPC solver
dt: 0.05
